seq: 0
secs: 1768905922
nsecs: 245791912
position: [-34.84546051, -1.34656677, -27.74143295, -18.84982681, 50.04818344, 34.81189041]

seq: 1
secs: 1768905922
nsecs: 245987415
position: [-34.84546051, -1.34656677, -27.74143295, -18.84982681, 50.04818344, 34.81189041]

seq: 2
secs: 1768905922
nsecs: 246059179
position: [-34.84546051, -1.34656677, -27.74143295, -18.84982681, 50.04818344, 34.81189041]

